1 0.000000 0.724479 0.628612 958.466797 51.457211 201.388016
2 0.100000 0.724483 0.628613 960.118164 53.401630 201.080124
3 0.200000 0.724486 0.628614 986.710449 49.197834 200.511230
4 0.300000 0.724489 0.628617 986.213867 51.760094 200.425430
5 0.400000 0.724492 0.628618 973.468506 50.736504 199.376633
6 0.500000 0.724496 0.628618 968.000061 54.367352 201.902039
7 0.600000 0.724500 0.628618 951.799500 53.754166 203.480515
8 0.700000 0.724502 0.628619 974.999573 51.546494 202.688660
9 0.800000 0.724506 0.628623 964.953430 50.667606 198.591141
10 0.900000 0.724510 0.628621 955.630859 51.891693 200.293427
11 1.000000 0.724511 0.628623 1007.592102 51.776188 200.545578
12 1.100000 0.724514 0.628623 980.749023 53.601013 199.387024
13 1.200000 0.724519 0.628628 1014.814148 51.518772 197.792191
14 1.300000 0.724521 0.628627 956.726746 52.489601 200.645401
15 1.400000 0.724525 0.628628 975.809570 51.914886 202.242584
16 1.500000 0.724528 0.628630 956.362732 52.488419 201.100052
17 1.600000 0.724531 0.628630 958.431519 54.820873 199.406845
18 1.700000 0.724534 0.628632 969.846008 53.296021 200.581497
19 1.800000 0.724538 0.628632 982.524231 54.006218 199.826157
20 1.900000 0.724540 0.628634 970.263977 52.352345 200.444061
21 2.000000 0.724544 0.628638 991.194214 50.061016 199.449509
22 2.100000 0.724547 0.628636 959.412476 54.150299 202.121674
23 2.200000 0.724549 0.628637 970.887329 53.898781 200.262451
24 2.300000 0.724553 0.628638 983.913818 51.982304 198.613190
25 2.400000 0.724557 0.628636 986.566101 52.445522 198.223969
26 2.500000 0.724558 0.628638 980.001709 53.468040 203.570969
27 2.600000 0.724562 0.628640 962.616333 51.647461 199.883179
28 2.700000 0.724565 0.628642 978.227661 50.963348 197.632248
29 2.800000 0.724568 0.628643 983.524292 49.684677 199.964966
30 2.900000 0.724572 0.628644 999.305359 51.409184 201.981857
31 3.000000 0.724575 0.628647 982.583313 52.319889 202.833542
32 3.100000 0.724579 0.628647 958.899597 51.894981 197.491272
33 3.200000 0.724579 0.628647 977.259583 50.672867 200.272522
34 3.300000 0.724584 0.628649 978.427551 52.470165 201.088959
35 3.400000 0.724588 0.628651 973.951599 50.235950 202.031891
36 3.500000 0.724590 0.628650 976.859009 52.131866 201.260971
37 3.600000 0.724594 0.628651 992.579163 53.195797 200.366043
38 3.700000 0.724597 0.628654 951.525085 51.169373 198.452499
39 3.800000 0.724601 0.628655 975.905396 51.834450 200.151260
40 3.900000 0.724603 0.628655 955.279358 53.725227 200.770752
41 4.000000 0.724605 0.628656 1013.621948 53.415192 201.200226
42 4.100000 0.724609 0.628658 977.656860 55.697407 200.277618
43 4.200000 0.724613 0.628658 949.793579 54.675316 202.433899
44 4.300000 0.724615 0.628659 999.314453 49.680523 198.846207
45 4.400000 0.724619 0.628661 968.753174 51.437923 197.707092
46 4.500000 0.724622 0.628661 989.998108 50.523285 200.149475
47 4.600000 0.724626 0.628663 973.165894 50.816200 201.417618
48 4.700000 0.724629 0.628665 993.505005 53.547146 203.099609
49 4.800000 0.724632 0.628664 971.654480 50.936600 199.477814
50 4.900000 0.724635 0.628666 979.359253 53.086872 198.255997
51 5.000000 0.724638 0.628667 969.667908 53.668701 202.718643
52 5.100000 0.724642 0.628669 933.634033 52.729870 200.776901
53 5.200000 0.724644 0.628670 972.203491 52.907661 202.646942
54 5.300000 0.724647 0.628671 1000.215210 50.796387 204.405960
55 5.400000 0.724650 0.628670 963.002625 52.747852 200.627258
56 5.500000 0.724653 0.628672 977.957153 52.378063 201.059265
57 5.600000 0.724654 0.628675 934.722412 51.927906 197.844391
58 5.700000 0.724660 0.628676 972.755798 53.024006 196.658951
59 5.800000 0.724662 0.628675 984.846069 51.769463 198.603729
60 5.900000 0.724666 0.628676 965.358521 52.770130 202.190125
61 6.000000 0.724670 0.628677 988.241272 53.048058 199.089401
62 6.100000 0.724671 0.628680 967.284973 51.917778 201.855759
63 6.200000 0.724674 0.628682 990.544250 54.976868 197.068451
64 6.300000 0.724679 0.628681 972.002380 51.719780 200.887268
65 6.400000 0.724683 0.628683 997.603027 53.069141 198.531494
66 6.500000 0.724687 0.628684 976.224609 52.708874 200.523483
67 6.600000 0.724687 0.628684 1003.335144 50.824696 199.824158
68 6.700000 0.724692 0.628687 991.343628 51.065742 200.410004
69 6.800000 0.724695 0.628689 979.601135 51.936161 196.350021
70 6.900000 0.724697 0.628689 928.584045 51.195892 199.440369
71 7.000000 0.724699 0.628689 983.502441 53.075665 201.567673
72 7.100000 0.724704 0.628691 986.367371 52.877598 201.395996
73 7.200000 0.724706 0.628692 957.024902 53.045174 200.024109
74 7.300000 0.724710 0.628694 953.228699 52.111977 198.874817
75 7.400000 0.724713 0.628694 995.571106 51.670258 199.843918
76 7.500000 0.724716 0.628694 948.089294 51.832905 198.979172
77 7.600000 0.724719 0.628695 964.034424 52.752472 199.784042
78 7.700000 0.724722 0.628697 963.307922 48.581356 200.309891
79 7.800000 0.724724 0.628698 959.031311 53.038391 202.182587
80 7.900000 0.724729 0.628699 983.291138 49.800907 197.573364
81 8.000000 0.724732 0.628699 984.544189 52.790752 199.278885
82 8.100000 0.724736 0.628701 983.286682 52.616920 198.364822
83 8.200000 0.724738 0.628703 961.853943 51.493862 200.488220
84 8.300000 0.724740 0.628706 975.740784 53.811543 200.761841
85 8.400000 0.724744 0.628704 993.128723 49.926991 201.377167
86 8.500000 0.724748 0.628706 970.728882 52.420097 200.128143
87 8.600000 0.724750 0.628706 981.308167 52.844448 200.888168
88 8.700000 0.724753 0.628709 968.729492 50.448292 200.993423
89 8.800000 0.724758 0.628708 986.576843 51.793835 197.949585
90 8.900000 0.724759 0.628708 966.766052 49.812836 200.074631
91 9.000000 0.724763 0.628711 971.408020 52.347313 199.632782
92 9.100000 0.724766 0.628714 964.643738 52.079433 199.020340
93 9.200000 0.724771 0.628714 998.464844 53.067368 198.688004
94 9.300000 0.724772 0.628715 968.869934 51.281471 201.436905
95 9.400000 0.724777 0.628718 963.746948 52.599728 200.640274
96 9.500000 0.724779 0.628719 971.647766 50.752480 199.433395
97 9.600000 0.724782 0.628718 970.213135 53.198227 198.207092
98 9.700000 0.724786 0.628717 992.195312 52.865162 200.722504
99 9.800000 0.724788 0.628719 1009.785034 53.239609 197.057404
100 9.900000 0.724792 0.628720 968.106628 53.230095 201.042801
101 10.000000 0.724795 0.628722 992.393616 54.291878 199.381241
102 10.100000 0.724797 0.628722 994.434082 54.414669 202.735733
103 10.200000 0.724801 0.628724 994.759216 52.252640 201.915588
104 10.300000 0.724804 0.628724 975.767578 50.642338 199.181534
105 10.400000 0.724808 0.628727 979.008545 53.085976 197.448105
106 10.500000 0.724810 0.628727 976.031006 51.892464 198.523041
107 10.600000 0.724812 0.628728 996.079834 54.734715 201.113770
108 10.700000 0.724816 0.628729 996.975708 52.467297 199.727448
109 10.800000 0.724821 0.628731 1008.908325 51.876541 197.627655
110 10.900000 0.724824 0.628732 984.037354 50.757626 199.650879
111 11.000000 0.724826 0.628733 977.972717 53.659859 197.271698
112 11.100000 0.724829 0.628734 968.928345 49.003544 200.462204
113 11.200000 0.724832 0.628735 999.816650 54.081074 200.352310
114 11.300000 0.724838 0.628737 985.490417 49.406635 201.599976
115 11.400000 0.724838 0.628738 990.979858 51.809490 199.870697
116 11.500000 0.724842 0.628738 983.839478 53.732185 199.537842
117 11.600000 0.724846 0.628739 973.523438 54.301727 198.131668
118 11.700000 0.724848 0.628741 1016.232544 51.268951 202.361221
119 11.800000 0.724851 0.628742 979.931335 50.498287 200.629745
120 11.900000 0.724854 0.628741 987.242493 52.665356 201.966095
121 12.000000 0.724858 0.628744 963.047546 52.972893 202.811432
122 12.100000 0.724862 0.628743 1010.121277 55.751572 199.622299
123 12.200000 0.724865 0.628745 967.832520 48.750431 199.647308
124 12.300000 0.724867 0.628745 994.420898 50.728657 203.133652
125 12.400000 0.724870 0.628751 962.347412 51.703159 199.925735
126 12.500000 0.724874 0.628747 953.068726 51.700821 202.415588
127 12.600000 0.724876 0.628750 982.312805 49.793728 200.959167
128 12.700000 0.724881 0.628753 961.442078 53.253864 197.211655
129 12.800000 0.724883 0.628752 981.532593 49.995529 198.366989
130 12.900000 0.724886 0.628753 979.953064 54.816525 200.849747
131 13.000000 0.724890 0.628753 940.763855 53.886959 202.065765
132 13.100000 0.724892 0.628755 968.662476 49.300999 199.139709
133 13.200000 0.724894 0.628757 951.077881 52.179600 203.576767
134 13.300000 0.724899 0.628756 993.129639 51.987991 202.616089
135 13.400000 0.724901 0.628761 964.951233 53.127289 201.545959
136 13.500000 0.724904 0.628761 988.309937 53.643372 200.354797
137 13.600000 0.724909 0.628762 985.107239 52.996746 200.125153
138 13.700000 0.724910 0.628762 973.320251 52.534168 201.175430
139 13.800000 0.724914 0.628762 958.458862 50.120998 202.049728
140 13.900000 0.724917 0.628765 988.392944 48.138054 199.579239
141 14.000000 0.724921 0.628766 989.674744 55.617271 201.264359
142 14.100000 0.724924 0.628766 973.311157 52.985672 198.796631
143 14.200000 0.724926 0.628768 970.946472 53.218300 201.427231
144 14.300000 0.724929 0.628768 978.562561 51.560760 199.871307
145 14.400000 0.724934 0.628770 950.998047 53.627365 199.882462
146 14.500000 0.724936 0.628770 985.093506 51.873318 203.129013
147 14.600000 0.724940 0.628773 933.938354 53.015656 199.805832
148 14.700000 0.724943 0.628773 971.922058 51.770473 197.984802
149 14.800000 0.724946 0.628775 958.522644 53.374828 201.229187
150 14.900000 0.724947 0.628776 942.884155 51.604538 202.411835
151 15.000000 0.724953 0.628775 981.984436 50.431602 202.871796
152 15.100000 0.724956 0.628778 980.566650 50.295582 200.194641
153 15.200000 0.724957 0.628778 939.949158 53.512665 200.925446
154 15.300000 0.724960 0.628780 997.492432 51.670712 201.639709
155 15.400000 0.724964 0.628784 981.099609 51.409061 201.252319
156 15.500000 0.724968 0.628782 975.321533 50.829494 204.617233
157 15.600000 0.724971 0.628784 963.365784 51.203537 197.868301
158 15.700000 0.724974 0.628786 988.398865 51.141129 199.482758
159 15.800000 0.724976 0.628787 994.639099 48.806343 198.769989
160 15.900000 0.724980 0.628788 982.578613 53.141800 202.177017
161 16.000000 0.724984 0.628787 991.936646 49.113461 199.185471
162 16.100000 0.724987 0.628787 974.211487 49.003036 200.518768
163 16.200001 0.724989 0.628788 983.906311 53.083694 200.507584
164 16.299999 0.724992 0.628790 978.501526 52.596340 200.430771
165 16.400000 0.724995 0.628792 984.108704 50.826958 199.646210
166 16.500000 0.724999 0.628792 954.926147 52.481937 200.503433
167 16.600000 0.725003 0.628793 964.157898 50.876575 201.015640
168 16.700001 0.725006 0.628794 978.060913 50.178436 198.884674
169 16.799999 0.725008 0.628797 986.968384 49.902596 200.012451
170 16.900000 0.725011 0.628796 963.709167 52.787743 198.942764
171 17.000000 0.725016 0.628798 970.343445 52.901237 200.784729
172 17.100000 0.725017 0.628802 938.712708 54.426025 202.621643
173 17.200001 0.725021 0.628802 952.705078 53.207764 199.071579
174 17.299999 0.725024 0.628803 996.094666 53.754669 201.414566
175 17.400000 0.725028 0.628803 973.866516 55.386589 198.869781
176 17.500000 0.725031 0.628805 973.340637 50.367535 202.001556
177 17.600000 0.725033 0.628805 982.479309 52.552917 200.589447
178 17.700001 0.725037 0.628807 977.459290 50.057808 201.636520
179 17.799999 0.725040 0.628807 1014.063049 51.150997 199.242935
180 17.900000 0.725043 0.628809 991.680115 51.478497 200.400757
181 18.000000 0.725047 0.628810 993.209778 54.384445 201.992447
182 18.100000 0.725050 0.628809 958.509277 54.678101 200.255203
183 18.200001 0.725051 0.628812 988.370361 52.499104 198.417831
184 18.299999 0.725055 0.628812 969.980530 53.418636 204.291687
185 18.400000 0.725060 0.628815 1011.270630 51.438705 200.586456
186 18.500000 0.725062 0.628813 950.762634 49.457405 197.532654
187 18.600000 0.725063 0.628816 981.441895 53.629852 202.668137
188 18.700001 0.725068 0.628818 978.260803 53.500160 199.196396
189 18.799999 0.725070 0.628818 974.506042 52.484459 200.492065
190 18.900000 0.725076 0.628818 970.222290 49.906498 203.031525
191 19.000000 0.725076 0.628821 999.756348 52.762562 200.785034
192 19.100000 0.725081 0.628824 976.788452 50.184547 201.267365
193 19.200001 0.725084 0.628821 968.475159 49.860439 199.604385
194 19.299999 0.725087 0.628825 926.102356 52.951916 197.870270
195 19.400000 0.725089 0.628825 990.441284 51.430943 201.757690
196 19.500000 0.725093 0.628825 947.001343 50.964260 199.820068
197 19.600000 0.725095 0.628826 955.962830 52.182297 202.491104
198 19.700001 0.725100 0.628828 981.749207 52.738899 200.503540
199 19.799999 0.725103 0.628828 977.800415 49.544548 202.643448
200 19.900000 0.725108 0.628830 966.837830 52.144440 201.784836
201 20.000000 0.725108 0.628831 999.010376 52.780132 199.210205
202 20.100000 0.725112 0.628831 989.663574 50.837059 198.170700
203 20.200001 0.725116 0.628833 974.646912 50.377907 200.728943
204 20.299999 0.725118 0.628835 973.722412 52.930439 200.969452
205 20.400000 0.725122 0.628836 973.211914 51.341404 201.970490
206 20.500000 0.725125 0.628835 946.979126 51.631680 198.915283
207 20.600000 0.725128 0.628837 972.701294 52.452202 199.089325
208 20.700001 0.725131 0.628837 962.649841 54.165684 200.622833
209 20.799999 0.725134 0.628839 956.106812 53.362465 200.874023
210 20.900000 0.725136 0.628841 983.614197 51.696129 200.031967
211 21.000000 0.725141 0.628841 999.616150 50.817230 198.999588
212 21.100000 0.725143 0.628843 963.469055 51.862160 199.707230
213 21.200001 0.725146 0.628843 945.159363 53.634411 201.852585
214 21.299999 0.725151 0.628847 969.038452 53.675697 200.735519
215 21.400000 0.725154 0.628846 974.432739 53.239250 201.156143
216 21.500000 0.725158 0.628848 992.784973 51.221016 201.109985
217 21.600000 0.725159 0.628848 967.281067 52.709679 200.444489
218 21.700001 0.725163 0.628850 994.282410 51.377357 199.997223
219 21.799999 0.725165 0.628849 966.165039 52.229893 199.970261
220 21.900000 0.725168 0.628852 979.640137 53.986465 197.720734
221 22.000000 0.725171 0.628853 982.072388 52.402176 201.627136
222 22.100000 0.725175 0.628855 960.444153 51.206024 201.053802
223 22.200001 0.725178 0.628855 970.217712 54.291023 198.868942
224 22.299999 0.725181 0.628856 1006.194397 51.897934 197.968307
225 22.400000 0.725184 0.628857 974.907410 52.310322 198.538269
226 22.500000 0.725188 0.628859 974.509644 50.869476 203.563477
227 22.600000 0.725190 0.628861 968.450317 51.082104 201.690430
228 22.700001 0.725193 0.628862 969.146118 51.032784 197.881027
229 22.799999 0.725198 0.628862 1003.290100 51.415855 202.870361
230 22.900000 0.725201 0.628863 1009.486511 50.801796 199.880402
231 23.000000 0.725204 0.628864 952.113525 51.856964 201.930054
232 23.100000 0.725208 0.628864 952.739563 52.262928 201.828964
233 23.200001 0.725211 0.628868 980.637878 50.281090 198.539505
234 23.299999 0.725213 0.628866 996.143677 51.483795 199.173767
235 23.400000 0.725216 0.628867 980.994751 54.735462 203.458740
236 23.500000 0.725220 0.628869 975.878601 53.342667 201.939941
237 23.600000 0.725222 0.628868 983.540955 52.074341 201.387665
238 23.700001 0.725226 0.628874 954.781982 52.299126 199.345337
239 23.799999 0.725230 0.628873 952.142456 52.002480 201.154587
240 23.900000 0.725232 0.628875 994.144958 53.179447 199.677399
241 24.000000 0.725234 0.628875 965.115662 52.980892 200.386810
242 24.100000 0.725238 0.628877 961.326233 50.930634 201.783707
243 24.200001 0.725241 0.628879 968.055481 53.293247 198.255020
244 24.299999 0.725243 0.628879 974.576416 52.449657 198.592529
245 24.400000 0.725247 0.628879 947.567200 49.494228 201.459686
246 24.500000 0.725251 0.628881 957.748474 51.032703 200.107269
247 24.600000 0.725254 0.628882 997.311462 50.627369 199.487640
248 24.700001 0.725256 0.628883 970.148010 51.689503 203.409058
249 24.799999 0.725261 0.628883 939.184021 53.015785 199.925888
250 24.900000 0.725263 0.628885 979.953857 52.652855 198.715363
251 25.000000 0.725265 0.628887 948.789551 50.534954 201.424408
252 25.100000 0.725269 0.628887 984.408020 52.550117 203.168472
253 25.200001 0.725272 0.628887 967.896790 50.148117 201.747726
254 25.299999 0.725275 0.628888 986.048462 51.363819 199.527618
255 25.400000 0.725279 0.628890 978.323547 50.357655 197.046280
256 25.500000 0.725282 0.628892 949.518860 51.220638 201.234772
257 25.600000 0.725285 0.628892 986.678833 52.959393 200.653000
258 25.700001 0.725288 0.628892 972.922485 52.357220 198.844971
259 25.799999 0.725291 0.628893 985.980896 53.249855 199.084396
260 25.900000 0.725295 0.628895 955.509033 50.347111 200.007996
261 26.000000 0.725297 0.628897 983.969116 53.464825 201.155121
262 26.100000 0.725300 0.628897 981.874146 50.649330 199.108582
263 26.200001 0.725306 0.628899 990.901428 51.981140 200.157974
264 26.299999 0.725306 0.628898 998.099609 56.356823 201.436447
265 26.400000 0.725311 0.628900 967.393005 53.643932 198.971222
266 26.500000 0.725313 0.628902 964.689148 50.057396 203.131470
267 26.600000 0.725318 0.628906 983.791077 50.252056 203.217010
268 26.700001 0.725319 0.628904 981.482544 52.887554 201.438492
269 26.799999 0.725322 0.628908 979.474487 50.997269 200.387848
270 26.900000 0.725325 0.628906 974.626587 52.644554 201.863892
271 27.000000 0.725329 0.628908 1003.495361 49.551392 198.543381
272 27.100000 0.725332 0.628908 954.474731 47.040539 201.331650
273 27.200001 0.725335 0.628910 983.095764 49.503891 201.337051
274 27.299999 0.725339 0.628912 971.274170 52.868958 199.846481
275 27.400000 0.725341 0.628911 969.684753 53.823864 201.248627
276 27.500000 0.725344 0.628911 973.733093 51.633797 201.719467
277 27.600000 0.725347 0.628913 969.588318 49.443829 197.523636
278 27.700001 0.725350 0.628916 975.946899 53.976002 203.122803
279 27.799999 0.725353 0.628916 988.106079 52.813412 200.109512
280 27.900000 0.725357 0.628917 985.105225 50.843643 199.894882
281 28.000000 0.725360 0.628919 985.963806 51.956444 197.390915
282 28.100000 0.725363 0.628919 971.680481 52.167110 201.449371
283 28.200001 0.725367 0.628920 953.248840 51.707779 199.543365
284 28.299999 0.725370 0.628922 972.637329 48.185482 199.400223
285 28.400000 0.725373 0.628921 982.437805 50.461552 197.229401
286 28.500000 0.725376 0.628922 963.981262 52.481266 204.692566
287 28.600000 0.725378 0.628926 983.182556 52.320286 201.086456
288 28.700001 0.725381 0.628927 952.484131 50.053947 198.528320
289 28.799999 0.725386 0.628927 973.930115 51.294277 198.032303
290 28.900000 0.725388 0.628929 983.287048 51.006840 201.311798
291 29.000000 0.725392 0.628929 976.770142 51.919025 199.131973
292 29.100000 0.725394 0.628930 982.098633 52.066689 198.689987
293 29.200001 0.725398 0.628931 973.586731 53.032543 198.292343
294 29.299999 0.725402 0.628932 996.317993 54.074146 200.396317
295 29.400000 0.725402 0.628935 962.169922 50.199226 202.675400
296 29.500000 0.725407 0.628934 951.697815 51.958744 202.683655
297 29.600000 0.725412 0.628936 948.362793 50.052055 196.900299
298 29.700001 0.725413 0.628937 990.127625 50.332043 198.460724
299 29.799999 0.725416 0.628938 986.029236 51.887394 199.414795
300 29.900000 0.725420 0.628938 959.071655 53.779552 198.400162
301 30.000000 0.725423 0.628942 969.381775 55.263569 201.496353
302 30.100000 0.725424 0.628941 979.094421 50.058071 199.661621
303 30.200001 0.725429 0.628943 976.861877 52.895821 202.186081
304 30.299999 0.725432 0.628942 979.940491 53.004097 202.306534
305 30.400000 0.725436 0.628945 981.228516 51.397758 199.276627
306 30.500000 0.725440 0.628946 970.480835 51.603943 199.219513
307 30.600000 0.725442 0.628947 971.772156 51.616989 199.086548
308 30.700001 0.725446 0.628946 1003.620728 51.245808 201.565155
309 30.799999 0.725448 0.628950 973.690613 51.164940 201.090149
310 30.900000 0.725450 0.628951 966.952515 54.328255 199.939407
311 31.000000 0.725454 0.628953 946.459656 53.911190 201.296127
312 31.100000 0.725458 0.628952 959.560852 49.285294 202.433167
313 31.200001 0.725461 0.628955 964.795044 50.851276 199.807648
314 31.299999 0.725464 0.628954 976.692566 51.954384 200.340485
315 31.400000 0.725467 0.628956 1016.114319 50.792309 200.433517
316 31.500000 0.725472 0.628957 980.233765 55.110981 200.325058
317 31.600000 0.725474 0.628957 981.121338 53.438416 201.528946
318 31.700001 0.725477 0.628960 955.679199 51.372787 198.697998
319 31.799999 0.725479 0.628959 963.284485 51.690468 201.405457
320 31.900000 0.725483 0.628961 947.731934 51.312996 199.239594
321 32.000000 0.725487 0.628963 979.895203 52.413017 200.786392
322 32.099998 0.725490 0.628961 977.314880 52.354755 202.842056
323 32.200001 0.725492 0.628964 992.151855 51.558475 201.293091
324 32.299999 0.725495 0.628967 990.659363 50.950863 197.331055
325 32.400002 0.725497 0.628968 976.212097 51.437141 200.885864
326 32.500000 0.725502 0.628967 962.734741 51.279346 201.052444
327 32.599998 0.725504 0.628969 951.367126 50.307835 200.441162
328 32.700001 0.725509 0.628969 982.521545 51.095551 197.355545
329 32.799999 0.725511 0.628972 990.138977 51.426353 199.339615
330 32.900002 0.725515 0.628971 979.033325 52.994637 199.105316
331 33.000000 0.725515 0.628975 989.806946 53.331467 196.997330
332 33.099998 0.725519 0.628974 994.686829 49.748558 200.525116
333 33.200001 0.725524 0.628973 981.913574 51.321720 199.610626
334 33.299999 0.725527 0.628976 980.990295 53.605709 199.061127
335 33.400002 0.725530 0.628978 971.346680 51.013832 201.301620
336 33.500000 0.725532 0.628978 963.816895 52.829430 199.951370
337 33.599998 0.725536 0.628980 982.942444 54.936295 198.315491
338 33.700001 0.725539 0.628979 986.685913 52.725693 200.197601
339 33.799999 0.725541 0.628981 953.660767 54.036671 199.623398
340 33.900002 0.725545 0.628983 974.316528 52.505276 199.715347
341 34.000000 0.725550 0.628984 978.647705 51.354488 201.123657
342 34.099998 0.725551 0.628985 974.713318 51.152416 199.812057
343 34.200001 0.725555 0.628986 959.687744 54.419174 198.843445
344 34.299999 0.725558 0.628986 971.294189 51.388641 200.375061
345 34.400002 0.725561 0.628987 975.256714 52.885212 199.179810
346 34.500000 0.725563 0.628990 987.043945 51.155258 198.597260
347 34.599998 0.725566 0.628991 960.527344 52.680969 201.978607
348 34.700001 0.725571 0.628992 962.401123 50.929131 201.673294
349 34.799999 0.725574 0.628993 967.093384 49.305149 201.468628
350 34.900002 0.725577 0.628994 959.935974 52.852634 202.804062
351 35.000000 0.725581 0.628995 982.537598 53.319256 198.548157
352 35.099998 0.725584 0.628995 956.609314 51.436081 199.254105
353 35.200001 0.725587 0.628996 982.207520 53.501011 198.899109
354 35.299999 0.725591 0.628997 936.892273 50.514900 197.740967
355 35.400002 0.725593 0.628999 956.403564 52.240486 202.770920
356 35.500000 0.725596 0.629000 991.195007 50.005810 199.204330
357 35.599998 0.725599 0.629002 980.785400 49.957565 197.650681
358 35.700001 0.725602 0.629003 987.936157 52.202385 200.355865
359 35.799999 0.725607 0.629004 997.598206 50.662334 201.158188
360 35.900002 0.725609 0.629004 970.043518 52.320042 199.998367
361 36.000000 0.725611 0.629005 982.687683 49.983891 198.136612
362 36.099998 0.725615 0.629006 974.482788 53.872639 201.047409
363 36.200001 0.725618 0.629007 951.369934 54.195793 199.504944
364 36.299999 0.725620 0.629009 978.229553 51.389034 199.388382
365 36.400002 0.725623 0.629011 993.925659 52.188328 199.696198
366 36.500000 0.725629 0.629012 967.133362 49.186787 200.779282
367 36.599998 0.725630 0.629011 993.471069 51.255962 200.653091
368 36.700001 0.725633 0.629012 982.908997 54.399494 199.510605
369 36.799999 0.725637 0.629014 992.591797 49.947018 200.853119
370 36.900002 0.725640 0.629015 944.416748 50.915649 200.466568
371 37.000000 0.725643 0.629013 970.141846 52.402271 199.302322
372 37.099998 0.725645 0.629018 977.248108 51.258354 204.388382
373 37.200001 0.725650 0.629019 978.142639 49.675129 199.933777
374 37.299999 0.725654 0.629018 955.433838 53.876835 198.386871
375 37.400002 0.725656 0.629020 965.634460 53.246094 200.546066
376 37.500000 0.725659 0.629024 972.450500 54.416798 201.451126
377 37.599998 0.725661 0.629023 966.721436 54.549770 200.003250
378 37.700001 0.725666 0.629025 1002.927246 51.409000 200.945343
379 37.799999 0.725667 0.629025 954.208862 51.697346 200.180634
380 37.900002 0.725669 0.629026 976.678406 54.381596 199.980255
381 38.000000 0.725675 0.629026 952.023438 51.980473 198.423386
382 38.099998 0.725677 0.629028 962.776367 51.199394 200.755005
383 38.200001 0.725681 0.629029 974.180847 54.411213 201.125854
384 38.299999 0.725683 0.629032 964.401489 52.621284 199.736816
385 38.400002 0.725686 0.629032 982.706299 50.246204 201.742676
386 38.500000 0.725691 0.629034 971.870544 51.304848 199.436310
387 38.599998 0.725693 0.629034 980.094727 50.851795 199.030746
388 38.700001 0.725695 0.629033 999.092285 48.447323 200.866638
389 38.799999 0.725699 0.629035 969.314636 52.505188 200.382568
390 38.900002 0.725701 0.629035 965.091980 47.441048 200.627731
391 39.000000 0.725707 0.629037 963.497559 50.356228 198.787384
392 39.099998 0.725710 0.629040 967.351318 48.530239 200.399673
393 39.200001 0.725712 0.629041 963.635010 51.422466 201.167969
394 39.299999 0.725716 0.629042 962.364868 52.424767 200.515564
395 39.400002 0.725719 0.629043 979.718140 50.665043 199.493225
396 39.500000 0.725723 0.629045 961.023621 50.564564 199.212280
397 39.599998 0.725725 0.629047 987.509460 50.734928 200.438644
398 39.700001 0.725726 0.629046 961.679260 53.848244 200.479294
399 39.799999 0.725731 0.629048 956.542114 54.371613 203.675247
400 39.900002 0.725735 0.629050 981.068542 51.248009 198.182022
401 40.000000 0.725737 0.629048 1013.042114 47.608650 203.669205
402 40.099998 0.725742 0.629050 946.237549 51.765141 200.339188
403 40.200001 0.725744 0.629050 964.650818 53.700333 200.266953
404 40.299999 0.725748 0.629053 968.279968 52.134998 201.589127
405 40.400002 0.725751 0.629052 948.310364 48.157932 202.153519
406 40.500000 0.725754 0.629055 977.342834 52.923141 200.935974
407 40.599998 0.725755 0.629056 969.487732 49.614410 200.435211
408 40.700001 0.725759 0.629057 937.960388 49.606323 200.527191
409 40.799999 0.725762 0.629060 955.669434 51.221794 199.800629
410 40.900002 0.725766 0.629059 983.980896 51.414536 199.138687
411 41.000000 0.725769 0.629061 979.144653 50.253029 199.734833
412 41.099998 0.725773 0.629061 980.863647 53.588108 200.262329
413 41.200001 0.725776 0.629064 937.744324 53.480873 201.392899
414 41.299999 0.725780 0.629062 983.708862 52.872807 199.124115
415 41.400002 0.725781 0.629064 977.860291 51.571053 198.980484
416 41.500000 0.725785 0.629066 997.681519 52.022156 201.297592
417 41.599998 0.725787 0.629067 987.778748 51.924908 199.843292
418 41.700001 0.725791 0.629069 981.408630 51.604393 199.953644
419 41.799999 0.725794 0.629067 971.063293 51.731819 202.290466
420 41.900002 0.725797 0.629069 978.898438 50.098816 202.648682
421 42.000000 0.725800 0.629072 957.570862 51.739185 198.042221
422 42.099998 0.725803 0.629072 985.044617 51.693172 199.225082
423 42.200001 0.725806 0.629073 1007.476318 50.971985 198.506821
424 42.299999 0.725809 0.629074 998.045105 50.853313 201.096054
425 42.400002 0.725812 0.629075 959.905029 50.842163 199.245163
426 42.500000 0.725815 0.629076 980.794739 50.829388 199.118439
427 42.599998 0.725820 0.629077 970.651672 50.936607 199.430038
428 42.700001 0.725822 0.629079 967.899841 51.318882 198.790009
429 42.799999 0.725825 0.629079 987.786072 49.724312 198.782135
430 42.900002 0.725829 0.629080 960.976685 51.565536 200.148743
431 43.000000 0.725831 0.629082 963.515198 53.910263 200.743423
432 43.099998 0.725834 0.629082 968.192810 53.505226 199.793930
433 43.200001 0.725837 0.629085 995.078186 49.802773 197.533585
434 43.299999 0.725841 0.629085 986.242737 54.333561 197.638290
435 43.400002 0.725845 0.629086 997.137329 52.110752 200.803391
436 43.500000 0.725848 0.629087 987.996216 53.525902 201.724823
437 43.599998 0.725850 0.629087 980.577209 52.492363 200.064011
438 43.700001 0.725855 0.629089 905.606079 53.347485 199.897385
439 43.799999 0.725856 0.629090 989.102112 49.810471 199.564880
440 43.900002 0.725860 0.629091 983.178223 50.348667 201.237839
441 44.000000 0.725864 0.629094 956.153992 53.770042 200.234253
442 44.099998 0.725866 0.629095 972.208984 50.642403 203.736145
443 44.200001 0.725868 0.629094 984.888489 52.293301 202.738022
444 44.299999 0.725872 0.629095 964.543335 52.429520 202.047684
445 44.400002 0.725876 0.629099 940.761658 51.077442 203.387405
446 44.500000 0.725878 0.629096 967.275452 52.226032 196.785294
447 44.599998 0.725882 0.629100 967.994812 51.591873 200.678223
448 44.700001 0.725885 0.629101 983.949463 51.502956 198.969162
449 44.799999 0.725888 0.629101 993.111633 50.738964 199.631470
450 44.900002 0.725890 0.629102 992.703735 55.484055 198.778168
451 45.000000 0.725896 0.629104 970.510071 49.608669 198.329498
452 45.099998 0.725897 0.629106 948.678650 49.280521 200.011826
453 45.200001 0.725902 0.629107 973.302490 54.051479 202.785233
454 45.299999 0.725906 0.629108 975.020203 50.202629 197.564362
455 45.400002 0.725907 0.629108 1016.507141 53.334064 197.513626
456 45.500000 0.725910 0.629109 972.894409 50.097023 199.858337
457 45.599998 0.725913 0.629110 983.670959 52.128395 202.600983
458 45.700001 0.725917 0.629112 956.337524 55.083843 198.745804
459 45.799999 0.725920 0.629111 981.982971 53.533577 201.441666
460 45.900002 0.725922 0.629115 959.508972 49.663471 201.516037
461 46.000000 0.725925 0.629116 965.366455 51.205173 201.934753
462 46.099998 0.725929 0.629116 930.159058 51.942650 199.505981
463 46.200001 0.725931 0.629116 966.482910 52.951534 198.396622
464 46.299999 0.725936 0.629117 977.436462 49.554119 197.694382
465 46.400002 0.725938 0.629119 992.169189 49.921513 199.060898
466 46.500000 0.725939 0.629120 970.609497 52.068916 200.339951
467 46.599998 0.725944 0.629122 961.634705 52.944134 199.858643
468 46.700001 0.725948 0.629121 993.092529 52.209045 200.427307
469 46.799999 0.725950 0.629122 970.199280 53.508175 197.668137
470 46.900002 0.725953 0.629124 974.292297 53.044689 201.140686
471 47.000000 0.725957 0.629124 974.980103 52.245697 201.523224
472 47.099998 0.725960 0.629125 990.630432 50.033714 200.453857
473 47.200001 0.725964 0.629129 965.953796 53.435421 200.681732
474 47.299999 0.725966 0.629128 981.127686 51.857590 201.630768
475 47.400002 0.725970 0.629131 961.217834 52.161102 200.819855
476 47.500000 0.725975 0.629132 975.069763 52.716484 201.677780
477 47.599998 0.725976 0.629133 991.277771 52.007088 200.658218
478 47.700001 0.725978 0.629131 957.104675 52.423836 200.248795
479 47.799999 0.725982 0.629135 977.991394 52.657135 201.090164
480 47.900002 0.725986 0.629135 970.215576 53.561424 202.409897
481 48.000000 0.725989 0.629134 983.015686 53.690315 199.834686
482 48.099998 0.725991 0.629137 1008.555908 53.279022 200.199570
483 48.200001 0.725995 0.629139 998.159424 53.563660 202.992432
484 48.299999 0.725998 0.629140 975.769165 53.155640 200.738831
485 48.400002 0.726002 0.629141 961.434509 52.385796 199.878387
486 48.500000 0.726005 0.629141 976.257874 52.014782 199.729218
487 48.599998 0.726008 0.629143 977.207031 52.478313 201.676483
488 48.700001 0.726012 0.629144 984.412659 51.136719 198.018372
489 48.799999 0.726013 0.629146 975.644287 52.760120 202.920547
490 48.900002 0.726017 0.629147 986.571594 53.538792 200.554367
491 49.000000 0.726019 0.629147 977.972839 54.188309 203.039307
492 49.099998 0.726025 0.629148 990.760925 54.005169 196.989273
493 49.200001 0.726028 0.629149 965.714722 50.907932 200.036011
494 49.299999 0.726030 0.629152 978.784851 51.967304 199.486389
495 49.400002 0.726032 0.629152 959.425049 53.820831 202.486603
496 49.500000 0.726038 0.629154 997.186584 51.701977 200.676025
497 49.599998 0.726039 0.629156 962.229736 51.912697 199.024063
498 49.700001 0.726041 0.629154 975.961914 52.757736 202.054703
499 49.799999 0.726045 0.629157 997.450012 52.004200 201.739914
500 49.900002 0.726048 0.629158 945.770142 52.593651 197.831573
501 50.000000 0.726052 0.629158 1008.978088 51.904877 203.643417
502 50.099998 0.726056 0.629159 998.864990 51.679321 197.772247
503 50.200001 0.726058 0.629160 954.491699 51.974880 201.726166
504 50.299999 0.726062 0.629162 982.249512 54.403244 201.104340
505 50.400002 0.726065 0.629163 968.718933 51.160599 200.845413
506 50.500000 0.726068 0.629165 1003.737366 51.160889 199.493240
507 50.599998 0.726072 0.629165 977.928467 48.547661 199.568039
508 50.700001 0.726074 0.629166 986.183716 51.933392 200.511963
509 50.799999 0.726077 0.629167 953.783936 51.567181 200.883316
510 50.900002 0.726080 0.629169 982.814209 52.701057 200.275742
511 51.000000 0.726082 0.629171 968.999939 51.768230 202.211517
512 51.099998 0.726086 0.629171 960.617249 51.115406 200.418396
513 51.200001 0.726089 0.629171 956.645447 51.821602 200.223862
514 51.299999 0.726092 0.629172 961.633118 53.042744 201.761795
515 51.400002 0.726095 0.629174 1013.560669 52.255123 201.174683
516 51.500000 0.726098 0.629176 1000.661743 50.930325 199.382935
517 51.599998 0.726100 0.629175 969.721802 53.701675 200.164642
518 51.700001 0.726104 0.629176 974.341370 54.187168 198.577972
519 51.799999 0.726107 0.629179 950.586243 51.501019 200.918259
520 51.900002 0.726112 0.629179 971.059998 54.778484 200.439285
521 52.000000 0.726115 0.629181 966.113098 52.058151 199.273514
522 52.099998 0.726117 0.629180 969.597412 53.098713 197.433716
523 52.200001 0.726121 0.629182 997.010254 52.042721 199.014542
524 52.299999 0.726123 0.629184 995.782349 48.523037 197.990997
525 52.400002 0.726127 0.629185 988.171265 51.901234 201.945007
526 52.500000 0.726130 0.629186 969.474426 50.617523 199.186066
527 52.599998 0.726134 0.629187 985.259338 49.335392 200.706741
528 52.700001 0.726137 0.629187 984.620361 52.006481 199.358109
529 52.799999 0.726140 0.629191 953.840271 52.691826 200.254242
530 52.900002 0.726143 0.629188 952.907349 55.077011 198.600143
531 53.000000 0.726147 0.629191 982.446045 51.008232 201.264709
532 53.099998 0.726148 0.629191 958.817200 54.426945 200.549622
533 53.200001 0.726153 0.629194 984.443726 53.311256 200.977509
534 53.299999 0.726156 0.629193 953.519592 50.000488 198.431274
535 53.400002 0.726159 0.629195 995.625000 51.769032 201.465012
536 53.500000 0.726161 0.629195 950.235596 52.327072 198.519592
537 53.599998 0.726164 0.629198 986.295715 51.089916 202.609787
538 53.700001 0.726167 0.629199 984.596252 51.173702 201.533951
539 53.799999 0.726171 0.629198 983.123962 51.831772 199.868179
540 53.900002 0.726174 0.629200 979.786194 53.415596 199.314056
541 54.000000 0.726177 0.629200 967.630188 53.298313 199.286057
542 54.099998 0.726180 0.629201 984.438477 51.553783 197.178680
543 54.200001 0.726185 0.629203 975.678345 50.663731 198.542007
544 54.299999 0.726187 0.629205 955.932190 54.071537 200.338531
545 54.400002 0.726191 0.629207 987.095581 50.668819 201.173889
546 54.500000 0.726192 0.629207 968.171753 54.296574 201.668213
547 54.599998 0.726196 0.629209 991.186401 50.835552 199.042694
548 54.700001 0.726200 0.629208 995.030273 49.435890 198.719223
549 54.799999 0.726202 0.629210 958.688721 54.091354 202.273331
550 54.900002 0.726204 0.629212 988.446228 50.628536 200.197464
551 55.000000 0.726210 0.629213 962.153320 52.229717 203.023148
552 55.099998 0.726212 0.629213 976.906067 51.852737 199.140411
553 55.200001 0.726216 0.629215 987.312683 51.098816 199.843552
554 55.299999 0.726219 0.629215 959.902283 51.838184 201.208923
555 55.400002 0.726220 0.629215 978.256653 50.071159 199.723267
556 55.500000 0.726224 0.629219 976.436462 52.809090 200.056839
557 55.599998 0.726227 0.629221 975.789551 52.106506 195.145828
558 55.700001 0.726230 0.629220 945.136230 50.657543 199.880966
559 55.799999 0.726233 0.629221 963.262695 53.238689 201.936554
560 55.900002 0.726237 0.629222 963.061401 51.251354 201.604172
561 56.000000 0.726239 0.629224 975.905212 51.604198 202.171600
562 56.099998 0.726244 0.629224 978.610413 50.827026 198.038208
563 56.200001 0.726247 0.629226 960.466919 50.761620 201.639587
564 56.299999 0.726251 0.629228 978.980164 55.716354 197.358505
565 56.400002 0.726253 0.629228 968.217163 50.889324 198.784470
566 56.500000 0.726257 0.629230 975.444214 53.218594 201.338150
567 56.599998 0.726258 0.629229 978.336914 50.592896 198.141159
568 56.700001 0.726262 0.629231 983.328125 51.806782 199.188477
569 56.799999 0.726264 0.629232 992.763000 52.769596 201.670685
570 56.900002 0.726269 0.629232 985.756409 52.273079 196.991577
571 57.000000 0.726272 0.629234 996.481140 54.012466 201.985291
572 57.099998 0.726275 0.629236 959.690796 54.333885 201.248383
573 57.200001 0.726278 0.629239 970.181702 51.298149 203.830643
574 57.299999 0.726282 0.629240 972.606812 54.798130 202.653305
575 57.400002 0.726285 0.629238 951.127930 52.095276 199.442230
576 57.500000 0.726288 0.629240 944.366028 52.271214 202.111832
577 57.599998 0.726289 0.629239 942.767822 52.535606 197.978119
578 57.700001 0.726294 0.629243 970.509949 52.479637 200.756790
579 57.799999 0.726297 0.629243 967.051819 55.085907 200.963058
580 57.900002 0.726300 0.629245 1013.060242 51.668705 201.311829
581 58.000000 0.726303 0.629243 978.197754 55.725891 201.747772
582 58.099998 0.726306 0.629247 947.492371 49.777912 200.220062
583 58.200001 0.726310 0.629247 1008.597412 51.043530 201.133270
584 58.299999 0.726312 0.629248 997.784241 52.987373 200.458374
585 58.400002 0.726316 0.629250 962.219421 51.030376 200.396805
586 58.500000 0.726320 0.629252 954.333008 49.135262 198.167969
587 58.599998 0.726321 0.629253 955.017517 50.196381 201.668793
588 58.700001 0.726325 0.629254 970.281982 54.361145 197.557861
589 58.799999 0.726329 0.629253 1001.161743 52.571461 201.551056
590 58.900002 0.726331 0.629255 993.380615 52.090336 201.342804
591 59.000000 0.726334 0.629257 970.513489 53.243744 205.488663
592 59.099998 0.726337 0.629257 981.749573 51.331654 199.116562
593 59.200001 0.726341 0.629258 981.982361 52.433224 202.199356
594 59.299999 0.726344 0.629259 967.562134 53.122322 201.500183
595 59.400002 0.726347 0.629261 1013.835693 48.435753 197.960770
596 59.500000 0.726350 0.629262 946.820374 53.024090 201.051422
597 59.599998 0.726352 0.629262 979.913635 53.143681 201.177216
598 59.700001 0.726358 0.629264 984.639282 52.306805 199.152084
599 59.799999 0.726359 0.629267 973.415283 53.057247 198.723648
600 59.900002 0.726363 0.629267 975.911804 53.843655 202.329254
601 60.000000 0.726366 0.629271 987.612610 53.345139 200.675171
