1 0.000000 0.724481 0.628613 974.306213 52.004871 200.187469
2 0.100000 0.724484 0.628614 974.306213 52.004871 200.187469
3 0.200000 0.724487 0.628615 974.306213 52.004871 200.187469
4 0.300000 0.724490 0.628616 974.306213 52.004871 200.187469
5 0.400000 0.724493 0.628617 974.306213 52.004871 200.187469
6 0.500000 0.724496 0.628618 974.306213 52.004871 200.187469
7 0.600000 0.724499 0.628619 974.306213 52.004871 200.187469
8 0.700000 0.724503 0.628621 974.306213 52.004871 200.187469
9 0.800000 0.724506 0.628622 974.306213 52.004871 200.187469
10 0.900000 0.724509 0.628623 974.306213 52.004871 200.187469
11 1.000000 0.724512 0.628624 974.306213 52.004871 200.187469
12 1.100000 0.724515 0.628625 974.306213 52.004871 200.187469
13 1.200000 0.724518 0.628626 974.306213 52.004871 200.187469
14 1.300000 0.724521 0.628627 974.306213 52.004871 200.187469
15 1.400000 0.724524 0.628628 974.306213 52.004871 200.187469
16 1.500000 0.724528 0.628629 974.306213 52.004871 200.187469
17 1.600000 0.724531 0.628630 974.306213 52.004871 200.187469
18 1.700000 0.724534 0.628631 974.306213 52.004871 200.187469
19 1.800000 0.724537 0.628633 974.306213 52.004871 200.187469
20 1.900000 0.724540 0.628634 974.306213 52.004871 200.187469
21 2.000000 0.724543 0.628635 974.306213 52.004871 200.187469
22 2.100000 0.724546 0.628636 974.306213 52.004871 200.187469
23 2.200000 0.724550 0.628637 974.306213 52.004871 200.187469
24 2.300000 0.724553 0.628638 974.306213 52.004871 200.187469
25 2.400000 0.724556 0.628639 974.306213 52.004871 200.187469
26 2.500000 0.724559 0.628640 974.306213 52.004871 200.187469
27 2.600000 0.724562 0.628641 974.306213 52.004871 200.187469
28 2.700000 0.724565 0.628642 974.306213 52.004871 200.187469
29 2.800000 0.724568 0.628643 974.306213 52.004871 200.187469
30 2.900000 0.724572 0.628645 974.306213 52.004871 200.187469
31 3.000000 0.724575 0.628646 974.306213 52.004871 200.187469
32 3.100000 0.724578 0.628647 974.306213 52.004871 200.187469
33 3.200000 0.724581 0.628648 974.306213 52.004871 200.187469
34 3.300000 0.724584 0.628649 974.306213 52.004871 200.187469
35 3.400000 0.724587 0.628650 974.306213 52.004871 200.187469
36 3.500000 0.724590 0.628651 974.306213 52.004871 200.187469
37 3.600000 0.724594 0.628652 974.306213 52.004871 200.187469
38 3.700000 0.724597 0.628653 974.306213 52.004871 200.187469
39 3.800000 0.724600 0.628654 974.306213 52.004871 200.187469
40 3.900000 0.724603 0.628655 974.306213 52.004871 200.187469
41 4.000000 0.724606 0.628657 974.306213 52.004871 200.187469
42 4.100000 0.724609 0.628658 974.306213 52.004871 200.187469
43 4.200000 0.724612 0.628659 974.306213 52.004871 200.187469
44 4.300000 0.724616 0.628660 974.306213 52.004871 200.187469
45 4.400000 0.724619 0.628661 974.306213 52.004871 200.187469
46 4.500000 0.724622 0.628662 974.306213 52.004871 200.187469
47 4.600000 0.724625 0.628663 974.306213 52.004871 200.187469
48 4.700000 0.724628 0.628664 974.306213 52.004871 200.187469
49 4.800000 0.724631 0.628665 974.306213 52.004871 200.187469
50 4.900000 0.724634 0.628666 974.306213 52.004871 200.187469
51 5.000000 0.724638 0.628667 974.306213 52.004871 200.187469
52 5.100000 0.724641 0.628669 974.306213 52.004871 200.187469
53 5.200000 0.724644 0.628670 974.306213 52.004871 200.187469
54 5.300000 0.724647 0.628671 974.306213 52.004871 200.187469
55 5.400000 0.724650 0.628672 974.306213 52.004871 200.187469
56 5.500000 0.724653 0.628673 974.306213 52.004871 200.187469
57 5.600000 0.724656 0.628674 974.306213 52.004871 200.187469
58 5.700000 0.724660 0.628675 974.306213 52.004871 200.187469
59 5.800000 0.724663 0.628676 974.306213 52.004871 200.187469
60 5.900000 0.724666 0.628677 974.306213 52.004871 200.187469
61 6.000000 0.724669 0.628678 974.306213 52.004871 200.187469
62 6.100000 0.724672 0.628679 974.306213 52.004871 200.187469
63 6.200000 0.724675 0.628681 974.306213 52.004871 200.187469
64 6.300000 0.724678 0.628682 974.306213 52.004871 200.187469
65 6.400000 0.724682 0.628683 974.306213 52.004871 200.187469
66 6.500000 0.724685 0.628684 974.306213 52.004871 200.187469
67 6.600000 0.724688 0.628685 974.306213 52.004871 200.187469
68 6.700000 0.724691 0.628686 974.306213 52.004871 200.187469
69 6.800000 0.724694 0.628687 974.306213 52.004871 200.187469
70 6.900000 0.724697 0.628688 974.306213 52.004871 200.187469
71 7.000000 0.724700 0.628689 974.306213 52.004871 200.187469
72 7.100000 0.724704 0.628690 974.306213 52.004871 200.187469
73 7.200000 0.724707 0.628691 974.306213 52.004871 200.187469
74 7.300000 0.724710 0.628693 974.306213 52.004871 200.187469
75 7.400000 0.724713 0.628694 974.306213 52.004871 200.187469
76 7.500000 0.724716 0.628695 974.306213 52.004871 200.187469
77 7.600000 0.724719 0.628696 974.306213 52.004871 200.187469
78 7.700000 0.724722 0.628697 974.306213 52.004871 200.187469
79 7.800000 0.724726 0.628698 974.306213 52.004871 200.187469
80 7.900000 0.724729 0.628699 974.306213 52.004871 200.187469
81 8.000000 0.724732 0.628700 974.306213 52.004871 200.187469
82 8.100000 0.724735 0.628701 974.306213 52.004871 200.187469
83 8.200000 0.724738 0.628702 974.306213 52.004871 200.187469
84 8.300000 0.724741 0.628703 974.306213 52.004871 200.187469
85 8.400000 0.724744 0.628704 974.306213 52.004871 200.187469
86 8.500000 0.724748 0.628706 974.306213 52.004871 200.187469
87 8.600000 0.724751 0.628707 974.306213 52.004871 200.187469
88 8.700000 0.724754 0.628708 974.306213 52.004871 200.187469
89 8.800000 0.724757 0.628709 974.306213 52.004871 200.187469
90 8.900000 0.724760 0.628710 974.306213 52.004871 200.187469
91 9.000000 0.724763 0.628711 974.306213 52.004871 200.187469
92 9.100000 0.724766 0.628712 974.306213 52.004871 200.187469
93 9.200000 0.724770 0.628713 974.306213 52.004871 200.187469
94 9.300000 0.724773 0.628714 974.306213 52.004871 200.187469
95 9.400000 0.724776 0.628715 974.306213 52.004871 200.187469
96 9.500000 0.724779 0.628716 974.306213 52.004871 200.187469
97 9.600000 0.724782 0.628718 974.306213 52.004871 200.187469
98 9.700000 0.724785 0.628719 974.306213 52.004871 200.187469
99 9.800000 0.724788 0.628720 974.306213 52.004871 200.187469
100 9.900000 0.724792 0.628721 974.306213 52.004871 200.187469
101 10.000000 0.724795 0.628722 974.306213 52.004871 200.187469
102 10.100000 0.724798 0.628723 974.306213 52.004871 200.187469
103 10.200000 0.724801 0.628724 974.306213 52.004871 200.187469
104 10.300000 0.724804 0.628725 974.306213 52.004871 200.187469
105 10.400000 0.724807 0.628726 974.306213 52.004871 200.187469
106 10.500000 0.724810 0.628727 974.306213 52.004871 200.187469
107 10.600000 0.724814 0.628729 974.306213 52.004871 200.187469
108 10.700000 0.724817 0.628730 974.306213 52.004871 200.187469
109 10.800000 0.724820 0.628731 974.306213 52.004871 200.187469
110 10.900000 0.724823 0.628732 974.306213 52.004871 200.187469
111 11.000000 0.724826 0.628733 974.306213 52.004871 200.187469
112 11.100000 0.724829 0.628734 974.306213 52.004871 200.187469
113 11.200000 0.724832 0.628735 974.306213 52.004871 200.187469
114 11.300000 0.724836 0.628736 974.306213 52.004871 200.187469
115 11.400000 0.724839 0.628737 974.306213 52.004871 200.187469
116 11.500000 0.724842 0.628738 974.306213 52.004871 200.187469
117 11.600000 0.724845 0.628739 974.306213 52.004871 200.187469
118 11.700000 0.724848 0.628740 974.306213 52.004871 200.187469
119 11.800000 0.724851 0.628742 974.306213 52.004871 200.187469
120 11.900000 0.724854 0.628743 974.306213 52.004871 200.187469
121 12.000000 0.724858 0.628744 974.306213 52.004871 200.187469
122 12.100000 0.724861 0.628745 974.306213 52.004871 200.187469
123 12.200000 0.724864 0.628746 974.306213 52.004871 200.187469
124 12.300000 0.724867 0.628747 974.306213 52.004871 200.187469
125 12.400000 0.724870 0.628748 974.306213 52.004871 200.187469
126 12.500000 0.724873 0.628749 974.306213 52.004871 200.187469
127 12.600000 0.724876 0.628750 974.306213 52.004871 200.187469
128 12.700000 0.724880 0.628751 974.306213 52.004871 200.187469
129 12.800000 0.724883 0.628752 974.306213 52.004871 200.187469
130 12.900000 0.724886 0.628754 974.306213 52.004871 200.187469
131 13.000000 0.724889 0.628755 974.306213 52.004871 200.187469
132 13.100000 0.724892 0.628756 974.306213 52.004871 200.187469
133 13.200000 0.724895 0.628757 974.306213 52.004871 200.187469
134 13.300000 0.724898 0.628758 974.306213 52.004871 200.187469
135 13.400000 0.724902 0.628759 974.306213 52.004871 200.187469
136 13.500000 0.724905 0.628760 974.306213 52.004871 200.187469
137 13.600000 0.724908 0.628761 974.306213 52.004871 200.187469
138 13.700000 0.724911 0.628762 974.306213 52.004871 200.187469
139 13.800000 0.724914 0.628763 974.306213 52.004871 200.187469
140 13.900000 0.724917 0.628764 974.306213 52.004871 200.187469
141 14.000000 0.724920 0.628766 974.306213 52.004871 200.187469
142 14.100000 0.724924 0.628767 974.306213 52.004871 200.187469
143 14.200000 0.724927 0.628768 974.306213 52.004871 200.187469
144 14.300000 0.724930 0.628769 974.306213 52.004871 200.187469
145 14.400000 0.724933 0.628770 974.306213 52.004871 200.187469
146 14.500000 0.724936 0.628771 974.306213 52.004871 200.187469
147 14.600000 0.724939 0.628772 974.306213 52.004871 200.187469
148 14.700000 0.724942 0.628773 974.306213 52.004871 200.187469
149 14.800000 0.724946 0.628774 974.306213 52.004871 200.187469
150 14.900000 0.724949 0.628775 974.306213 52.004871 200.187469
151 15.000000 0.724952 0.628776 974.306213 52.004871 200.187469
152 15.100000 0.724955 0.628778 974.306213 52.004871 200.187469
153 15.200000 0.724958 0.628779 974.306213 52.004871 200.187469
154 15.300000 0.724961 0.628780 974.306213 52.004871 200.187469
155 15.400000 0.724964 0.628781 974.306213 52.004871 200.187469
156 15.500000 0.724968 0.628782 974.306213 52.004871 200.187469
157 15.600000 0.724971 0.628783 974.306213 52.004871 200.187469
158 15.700000 0.724974 0.628784 974.306213 52.004871 200.187469
159 15.800000 0.724977 0.628785 974.306213 52.004871 200.187469
160 15.900000 0.724980 0.628786 974.306213 52.004871 200.187469
161 16.000000 0.724983 0.628787 974.306213 52.004871 200.187469
162 16.100000 0.724986 0.628788 974.306213 52.004871 200.187469
163 16.200001 0.724990 0.628790 974.306213 52.004871 200.187469
164 16.299999 0.724993 0.628791 974.306213 52.004871 200.187469
165 16.400000 0.724996 0.628792 974.306213 52.004871 200.187469
166 16.500000 0.724999 0.628793 974.306213 52.004871 200.187469
167 16.600000 0.725002 0.628794 974.306213 52.004871 200.187469
168 16.700001 0.725005 0.628795 974.306213 52.004871 200.187469
169 16.799999 0.725008 0.628796 974.306213 52.004871 200.187469
170 16.900000 0.725012 0.628797 974.306213 52.004871 200.187469
171 17.000000 0.725015 0.628798 974.306213 52.004871 200.187469
172 17.100000 0.725018 0.628799 974.306213 52.004871 200.187469
173 17.200001 0.725021 0.628800 974.306213 52.004871 200.187469
174 17.299999 0.725024 0.628802 974.306213 52.004871 200.187469
175 17.400000 0.725027 0.628803 974.306213 52.004871 200.187469
176 17.500000 0.725030 0.628804 974.306213 52.004871 200.187469
177 17.600000 0.725034 0.628805 974.306213 52.004871 200.187469
178 17.700001 0.725037 0.628806 974.306213 52.004871 200.187469
179 17.799999 0.725040 0.628807 974.306213 52.004871 200.187469
180 17.900000 0.725043 0.628808 974.306213 52.004871 200.187469
181 18.000000 0.725046 0.628809 974.306213 52.004871 200.187469
182 18.100000 0.725049 0.628810 974.306213 52.004871 200.187469
183 18.200001 0.725052 0.628811 974.306213 52.004871 200.187469
184 18.299999 0.725056 0.628812 974.306213 52.004871 200.187469
185 18.400000 0.725059 0.628814 974.306213 52.004871 200.187469
186 18.500000 0.725062 0.628815 974.306213 52.004871 200.187469
187 18.600000 0.725065 0.628816 974.306213 52.004871 200.187469
188 18.700001 0.725068 0.628817 974.306213 52.004871 200.187469
189 18.799999 0.725071 0.628818 974.306213 52.004871 200.187469
190 18.900000 0.725074 0.628819 974.306213 52.004871 200.187469
191 19.000000 0.725078 0.628820 974.306213 52.004871 200.187469
192 19.100000 0.725081 0.628821 974.306213 52.004871 200.187469
193 19.200001 0.725084 0.628822 974.306213 52.004871 200.187469
194 19.299999 0.725087 0.628823 974.306213 52.004871 200.187469
195 19.400000 0.725090 0.628824 974.306213 52.004871 200.187469
196 19.500000 0.725093 0.628826 974.306213 52.004871 200.187469
197 19.600000 0.725096 0.628827 974.306213 52.004871 200.187469
198 19.700001 0.725100 0.628828 974.306213 52.004871 200.187469
199 19.799999 0.725103 0.628829 974.306213 52.004871 200.187469
200 19.900000 0.725106 0.628830 974.306213 52.004871 200.187469
201 20.000000 0.725109 0.628831 974.306213 52.004871 200.187469
202 20.100000 0.725112 0.628832 974.306213 52.004871 200.187469
203 20.200001 0.725115 0.628833 974.306213 52.004871 200.187469
204 20.299999 0.725118 0.628834 974.306213 52.004871 200.187469
205 20.400000 0.725121 0.628835 974.306213 52.004871 200.187469
206 20.500000 0.725125 0.628836 974.306213 52.004871 200.187469
207 20.600000 0.725128 0.628838 974.306213 52.004871 200.187469
208 20.700001 0.725131 0.628839 974.306213 52.004871 200.187469
209 20.799999 0.725134 0.628840 974.306213 52.004871 200.187469
210 20.900000 0.725137 0.628841 974.306213 52.004871 200.187469
211 21.000000 0.725140 0.628842 974.306213 52.004871 200.187469
212 21.100000 0.725143 0.628843 974.306213 52.004871 200.187469
213 21.200001 0.725147 0.628844 974.306213 52.004871 200.187469
214 21.299999 0.725150 0.628845 974.306213 52.004871 200.187469
215 21.400000 0.725153 0.628846 974.306213 52.004871 200.187469
216 21.500000 0.725156 0.628847 974.306213 52.004871 200.187469
217 21.600000 0.725159 0.628848 974.306213 52.004871 200.187469
218 21.700001 0.725162 0.628850 974.306213 52.004871 200.187469
219 21.799999 0.725165 0.628851 974.306213 52.004871 200.187469
220 21.900000 0.725169 0.628852 974.306213 52.004871 200.187469
221 22.000000 0.725172 0.628853 974.306213 52.004871 200.187469
222 22.100000 0.725175 0.628854 974.306213 52.004871 200.187469
223 22.200001 0.725178 0.628855 974.306213 52.004871 200.187469
224 22.299999 0.725181 0.628856 974.306213 52.004871 200.187469
225 22.400000 0.725184 0.628857 974.306213 52.004871 200.187469
226 22.500000 0.725187 0.628858 974.306213 52.004871 200.187469
227 22.600000 0.725191 0.628859 974.306213 52.004871 200.187469
228 22.700001 0.725194 0.628860 974.306213 52.004871 200.187469
229 22.799999 0.725197 0.628862 974.306213 52.004871 200.187469
230 22.900000 0.725200 0.628863 974.306213 52.004871 200.187469
231 23.000000 0.725203 0.628864 974.306213 52.004871 200.187469
232 23.100000 0.725206 0.628865 974.306213 52.004871 200.187469
233 23.200001 0.725209 0.628866 974.306213 52.004871 200.187469
234 23.299999 0.725213 0.628867 974.306213 52.004871 200.187469
235 23.400000 0.725216 0.628868 974.306213 52.004871 200.187469
236 23.500000 0.725219 0.628869 974.306213 52.004871 200.187469
237 23.600000 0.725222 0.628870 974.306213 52.004871 200.187469
238 23.700001 0.725225 0.628871 974.306213 52.004871 200.187469
239 23.799999 0.725228 0.628872 974.306213 52.004871 200.187469
240 23.900000 0.725231 0.628874 974.306213 52.004871 200.187469
241 24.000000 0.725235 0.628875 974.306213 52.004871 200.187469
242 24.100000 0.725238 0.628876 974.306213 52.004871 200.187469
243 24.200001 0.725241 0.628877 974.306213 52.004871 200.187469
244 24.299999 0.725244 0.628878 974.306213 52.004871 200.187469
245 24.400000 0.725247 0.628879 974.306213 52.004871 200.187469
246 24.500000 0.725250 0.628880 974.306213 52.004871 200.187469
247 24.600000 0.725253 0.628881 974.306213 52.004871 200.187469
248 24.700001 0.725257 0.628882 974.306213 52.004871 200.187469
249 24.799999 0.725260 0.628883 974.306213 52.004871 200.187469
250 24.900000 0.725263 0.628884 974.306213 52.004871 200.187469
251 25.000000 0.725266 0.628886 974.306213 52.004871 200.187469
252 25.100000 0.725269 0.628887 974.306213 52.004871 200.187469
253 25.200001 0.725272 0.628888 974.306213 52.004871 200.187469
254 25.299999 0.725275 0.628889 974.306213 52.004871 200.187469
255 25.400000 0.725279 0.628890 974.306213 52.004871 200.187469
256 25.500000 0.725282 0.628891 974.306213 52.004871 200.187469
257 25.600000 0.725285 0.628892 974.306213 52.004871 200.187469
258 25.700001 0.725288 0.628893 974.306213 52.004871 200.187469
259 25.799999 0.725291 0.628894 974.306213 52.004871 200.187469
260 25.900000 0.725294 0.628895 974.306213 52.004871 200.187469
261 26.000000 0.725297 0.628896 974.306213 52.004871 200.187469
262 26.100000 0.725301 0.628898 974.306213 52.004871 200.187469
263 26.200001 0.725304 0.628899 974.306213 52.004871 200.187469
264 26.299999 0.725307 0.628900 974.306213 52.004871 200.187469
265 26.400000 0.725310 0.628901 974.306213 52.004871 200.187469
266 26.500000 0.725313 0.628902 974.306213 52.004871 200.187469
267 26.600000 0.725316 0.628903 974.306213 52.004871 200.187469
268 26.700001 0.725319 0.628904 974.306213 52.004871 200.187469
269 26.799999 0.725323 0.628905 974.306213 52.004871 200.187469
270 26.900000 0.725326 0.628906 974.306213 52.004871 200.187469
271 27.000000 0.725329 0.628907 974.306213 52.004871 200.187469
272 27.100000 0.725332 0.628908 974.306213 52.004871 200.187469
273 27.200001 0.725335 0.628910 974.306213 52.004871 200.187469
274 27.299999 0.725338 0.628911 974.306213 52.004871 200.187469
275 27.400000 0.725341 0.628912 974.306213 52.004871 200.187469
276 27.500000 0.725345 0.628913 974.306213 52.004871 200.187469
277 27.600000 0.725348 0.628914 974.306213 52.004871 200.187469
278 27.700001 0.725351 0.628915 974.306213 52.004871 200.187469
279 27.799999 0.725354 0.628916 974.306213 52.004871 200.187469
280 27.900000 0.725357 0.628917 974.306213 52.004871 200.187469
281 28.000000 0.725360 0.628918 974.306213 52.004871 200.187469
282 28.100000 0.725363 0.628919 974.306213 52.004871 200.187469
283 28.200001 0.725367 0.628920 974.306213 52.004871 200.187469
284 28.299999 0.725370 0.628922 974.306213 52.004871 200.187469
285 28.400000 0.725373 0.628923 974.306213 52.004871 200.187469
286 28.500000 0.725376 0.628924 974.306213 52.004871 200.187469
287 28.600000 0.725379 0.628925 974.306213 52.004871 200.187469
288 28.700001 0.725382 0.628926 974.306213 52.004871 200.187469
289 28.799999 0.725385 0.628927 974.306213 52.004871 200.187469
290 28.900000 0.725389 0.628928 974.306213 52.004871 200.187469
291 29.000000 0.725392 0.628929 974.306213 52.004871 200.187469
292 29.100000 0.725395 0.628930 974.306213 52.004871 200.187469
293 29.200001 0.725398 0.628931 974.306213 52.004871 200.187469
294 29.299999 0.725401 0.628932 974.306213 52.004871 200.187469
295 29.400000 0.725404 0.628934 974.306213 52.004871 200.187469
296 29.500000 0.725407 0.628935 974.306213 52.004871 200.187469
297 29.600000 0.725411 0.628936 974.306213 52.004871 200.187469
298 29.700001 0.725414 0.628937 974.306213 52.004871 200.187469
299 29.799999 0.725417 0.628938 974.306213 52.004871 200.187469
300 29.900000 0.725420 0.628939 974.306213 52.004871 200.187469
301 30.000000 0.725423 0.628940 974.306213 52.004871 200.187469
302 30.100000 0.725426 0.628941 974.306213 52.004871 200.187469
303 30.200001 0.725429 0.628942 974.306213 52.004871 200.187469
304 30.299999 0.725433 0.628943 974.306213 52.004871 200.187469
305 30.400000 0.725436 0.628944 974.306213 52.004871 200.187469
306 30.500000 0.725439 0.628946 974.306213 52.004871 200.187469
307 30.600000 0.725442 0.628947 974.306213 52.004871 200.187469
308 30.700001 0.725445 0.628948 974.306213 52.004871 200.187469
309 30.799999 0.725448 0.628949 974.306213 52.004871 200.187469
310 30.900000 0.725451 0.628950 974.306213 52.004871 200.187469
311 31.000000 0.725455 0.628951 974.306213 52.004871 200.187469
312 31.100000 0.725458 0.628952 974.306213 52.004871 200.187469
313 31.200001 0.725461 0.628953 974.306213 52.004871 200.187469
314 31.299999 0.725464 0.628954 974.306213 52.004871 200.187469
315 31.400000 0.725467 0.628955 974.306213 52.004871 200.187469
316 31.500000 0.725470 0.628956 974.306213 52.004871 200.187469
317 31.600000 0.725473 0.628958 974.306213 52.004871 200.187469
318 31.700001 0.725477 0.628959 974.306213 52.004871 200.187469
319 31.799999 0.725480 0.628960 974.306213 52.004871 200.187469
320 31.900000 0.725483 0.628961 974.306213 52.004871 200.187469
321 32.000000 0.725486 0.628962 974.306213 52.004871 200.187469
322 32.099998 0.725489 0.628963 974.306213 52.004871 200.187469
323 32.200001 0.725492 0.628964 974.306213 52.004871 200.187469
324 32.299999 0.725495 0.628965 974.306213 52.004871 200.187469
325 32.400002 0.725499 0.628966 974.306213 52.004871 200.187469
326 32.500000 0.725502 0.628967 974.306213 52.004871 200.187469
327 32.599998 0.725505 0.628968 974.306213 52.004871 200.187469
328 32.700001 0.725508 0.628970 974.306213 52.004871 200.187469
329 32.799999 0.725511 0.628971 974.306213 52.004871 200.187469
330 32.900002 0.725514 0.628972 974.306213 52.004871 200.187469
331 33.000000 0.725517 0.628973 974.306213 52.004871 200.187469
332 33.099998 0.725521 0.628974 974.306213 52.004871 200.187469
333 33.200001 0.725524 0.628975 974.306213 52.004871 200.187469
334 33.299999 0.725527 0.628976 974.306213 52.004871 200.187469
335 33.400002 0.725530 0.628977 974.306213 52.004871 200.187469
336 33.500000 0.725533 0.628978 974.306213 52.004871 200.187469
337 33.599998 0.725536 0.628979 974.306213 52.004871 200.187469
338 33.700001 0.725539 0.628980 974.306213 52.004871 200.187469
339 33.799999 0.725543 0.628982 974.306213 52.004871 200.187469
340 33.900002 0.725546 0.628983 974.306213 52.004871 200.187469
341 34.000000 0.725549 0.628984 974.306213 52.004871 200.187469
342 34.099998 0.725552 0.628985 974.306213 52.004871 200.187469
343 34.200001 0.725555 0.628986 974.306213 52.004871 200.187469
344 34.299999 0.725558 0.628987 974.306213 52.004871 200.187469
345 34.400002 0.725561 0.628988 974.306213 52.004871 200.187469
346 34.500000 0.725565 0.628989 974.306213 52.004871 200.187469
347 34.599998 0.725568 0.628990 974.306213 52.004871 200.187469
348 34.700001 0.725571 0.628991 974.306213 52.004871 200.187469
349 34.799999 0.725574 0.628992 974.306213 52.004871 200.187469
350 34.900002 0.725577 0.628994 974.306213 52.004871 200.187469
351 35.000000 0.725580 0.628995 974.306213 52.004871 200.187469
352 35.099998 0.725583 0.628996 974.306213 52.004871 200.187469
353 35.200001 0.725587 0.628997 974.306213 52.004871 200.187469
354 35.299999 0.725590 0.628998 974.306213 52.004871 200.187469
355 35.400002 0.725593 0.628999 974.306213 52.004871 200.187469
356 35.500000 0.725596 0.629000 974.306213 52.004871 200.187469
357 35.599998 0.725599 0.629001 974.306213 52.004871 200.187469
358 35.700001 0.725602 0.629002 974.306213 52.004871 200.187469
359 35.799999 0.725605 0.629003 974.306213 52.004871 200.187469
360 35.900002 0.725609 0.629004 974.306213 52.004871 200.187469
361 36.000000 0.725612 0.629006 974.306213 52.004871 200.187469
362 36.099998 0.725615 0.629007 974.306213 52.004871 200.187469
363 36.200001 0.725618 0.629008 974.306213 52.004871 200.187469
364 36.299999 0.725621 0.629009 974.306213 52.004871 200.187469
365 36.400002 0.725624 0.629010 974.306213 52.004871 200.187469
366 36.500000 0.725627 0.629011 974.306213 52.004871 200.187469
367 36.599998 0.725631 0.629012 974.306213 52.004871 200.187469
368 36.700001 0.725634 0.629013 974.306213 52.004871 200.187469
369 36.799999 0.725637 0.629014 974.306213 52.004871 200.187469
370 36.900002 0.725640 0.629015 974.306213 52.004871 200.187469
371 37.000000 0.725643 0.629016 974.306213 52.004871 200.187469
372 37.099998 0.725646 0.629018 974.306213 52.004871 200.187469
373 37.200001 0.725649 0.629019 974.306213 52.004871 200.187469
374 37.299999 0.725653 0.629020 974.306213 52.004871 200.187469
375 37.400002 0.725656 0.629021 974.306213 52.004871 200.187469
376 37.500000 0.725659 0.629022 974.306213 52.004871 200.187469
377 37.599998 0.725662 0.629023 974.306213 52.004871 200.187469
378 37.700001 0.725665 0.629024 974.306213 52.004871 200.187469
379 37.799999 0.725668 0.629025 974.306213 52.004871 200.187469
380 37.900002 0.725671 0.629026 974.306213 52.004871 200.187469
381 38.000000 0.725675 0.629027 974.306213 52.004871 200.187469
382 38.099998 0.725678 0.629028 974.306213 52.004871 200.187469
383 38.200001 0.725681 0.629030 974.306213 52.004871 200.187469
384 38.299999 0.725684 0.629031 974.306213 52.004871 200.187469
385 38.400002 0.725687 0.629032 974.306213 52.004871 200.187469
386 38.500000 0.725690 0.629033 974.306213 52.004871 200.187469
387 38.599998 0.725693 0.629034 974.306213 52.004871 200.187469
388 38.700001 0.725697 0.629035 974.306213 52.004871 200.187469
389 38.799999 0.725700 0.629036 974.306213 52.004871 200.187469
390 38.900002 0.725703 0.629037 974.306213 52.004871 200.187469
391 39.000000 0.725706 0.629038 974.306213 52.004871 200.187469
392 39.099998 0.725709 0.629039 974.306213 52.004871 200.187469
393 39.200001 0.725712 0.629040 974.306213 52.004871 200.187469
394 39.299999 0.725715 0.629042 974.306213 52.004871 200.187469
395 39.400002 0.725718 0.629043 974.306213 52.004871 200.187469
396 39.500000 0.725722 0.629044 974.306213 52.004871 200.187469
397 39.599998 0.725725 0.629045 974.306213 52.004871 200.187469
398 39.700001 0.725728 0.629046 974.306213 52.004871 200.187469
399 39.799999 0.725731 0.629047 974.306213 52.004871 200.187469
400 39.900002 0.725734 0.629048 974.306213 52.004871 200.187469
401 40.000000 0.725737 0.629049 974.306213 52.004871 200.187469
402 40.099998 0.725740 0.629050 974.306213 52.004871 200.187469
403 40.200001 0.725744 0.629051 974.306213 52.004871 200.187469
404 40.299999 0.725747 0.629052 974.306213 52.004871 200.187469
405 40.400002 0.725750 0.629054 974.306213 52.004871 200.187469
406 40.500000 0.725753 0.629055 974.306213 52.004871 200.187469
407 40.599998 0.725756 0.629056 974.306213 52.004871 200.187469
408 40.700001 0.725759 0.629057 974.306213 52.004871 200.187469
409 40.799999 0.725762 0.629058 974.306213 52.004871 200.187469
410 40.900002 0.725766 0.629059 974.306213 52.004871 200.187469
411 41.000000 0.725769 0.629060 974.306213 52.004871 200.187469
412 41.099998 0.725772 0.629061 974.306213 52.004871 200.187469
413 41.200001 0.725775 0.629062 974.306213 52.004871 200.187469
414 41.299999 0.725778 0.629063 974.306213 52.004871 200.187469
415 41.400002 0.725781 0.629064 974.306213 52.004871 200.187469
416 41.500000 0.725784 0.629066 974.306213 52.004871 200.187469
417 41.599998 0.725788 0.629067 974.306213 52.004871 200.187469
418 41.700001 0.725791 0.629068 974.306213 52.004871 200.187469
419 41.799999 0.725794 0.629069 974.306213 52.004871 200.187469
420 41.900002 0.725797 0.629070 974.306213 52.004871 200.187469
421 42.000000 0.725800 0.629071 974.306213 52.004871 200.187469
422 42.099998 0.725803 0.629072 974.306213 52.004871 200.187469
423 42.200001 0.725806 0.629073 974.306213 52.004871 200.187469
424 42.299999 0.725810 0.629074 974.306213 52.004871 200.187469
425 42.400002 0.725813 0.629075 974.306213 52.004871 200.187469
426 42.500000 0.725816 0.629076 974.306213 52.004871 200.187469
427 42.599998 0.725819 0.629078 974.306213 52.004871 200.187469
428 42.700001 0.725822 0.629079 974.306213 52.004871 200.187469
429 42.799999 0.725825 0.629080 974.306213 52.004871 200.187469
430 42.900002 0.725828 0.629081 974.306213 52.004871 200.187469
431 43.000000 0.725832 0.629082 974.306213 52.004871 200.187469
432 43.099998 0.725835 0.629083 974.306213 52.004871 200.187469
433 43.200001 0.725838 0.629084 974.306213 52.004871 200.187469
434 43.299999 0.725841 0.629085 974.306213 52.004871 200.187469
435 43.400002 0.725844 0.629086 974.306213 52.004871 200.187469
436 43.500000 0.725847 0.629087 974.306213 52.004871 200.187469
437 43.599998 0.725850 0.629088 974.306213 52.004871 200.187469
438 43.700001 0.725854 0.629090 974.306213 52.004871 200.187469
439 43.799999 0.725857 0.629091 974.306213 52.004871 200.187469
440 43.900002 0.725860 0.629092 974.306213 52.004871 200.187469
441 44.000000 0.725863 0.629093 974.306213 52.004871 200.187469
442 44.099998 0.725866 0.629094 974.306213 52.004871 200.187469
443 44.200001 0.725869 0.629095 974.306213 52.004871 200.187469
444 44.299999 0.725872 0.629096 974.306213 52.004871 200.187469
445 44.400002 0.725876 0.629097 974.306213 52.004871 200.187469
446 44.500000 0.725879 0.629098 974.306213 52.004871 200.187469
447 44.599998 0.725882 0.629099 974.306213 52.004871 200.187469
448 44.700001 0.725885 0.629101 974.306213 52.004871 200.187469
449 44.799999 0.725888 0.629102 974.306213 52.004871 200.187469
450 44.900002 0.725891 0.629103 974.306213 52.004871 200.187469
451 45.000000 0.725894 0.629104 974.306213 52.004871 200.187469
452 45.099998 0.725898 0.629105 974.306213 52.004871 200.187469
453 45.200001 0.725901 0.629106 974.306213 52.004871 200.187469
454 45.299999 0.725904 0.629107 974.306213 52.004871 200.187469
455 45.400002 0.725907 0.629108 974.306213 52.004871 200.187469
456 45.500000 0.725910 0.629109 974.306213 52.004871 200.187469
457 45.599998 0.725913 0.629110 974.306213 52.004871 200.187469
458 45.700001 0.725916 0.629111 974.306213 52.004871 200.187469
459 45.799999 0.725920 0.629112 974.306213 52.004871 200.187469
460 45.900002 0.725923 0.629114 974.306213 52.004871 200.187469
461 46.000000 0.725926 0.629115 974.306213 52.004871 200.187469
462 46.099998 0.725929 0.629116 974.306213 52.004871 200.187469
463 46.200001 0.725932 0.629117 974.306213 52.004871 200.187469
464 46.299999 0.725935 0.629118 974.306213 52.004871 200.187469
465 46.400002 0.725938 0.629119 974.306213 52.004871 200.187469
466 46.500000 0.725942 0.629120 974.306213 52.004871 200.187469
467 46.599998 0.725945 0.629121 974.306213 52.004871 200.187469
468 46.700001 0.725948 0.629122 974.306213 52.004871 200.187469
469 46.799999 0.725951 0.629123 974.306213 52.004871 200.187469
470 46.900002 0.725954 0.629124 974.306213 52.004871 200.187469
471 47.000000 0.725957 0.629126 974.306213 52.004871 200.187469
472 47.099998 0.725960 0.629127 974.306213 52.004871 200.187469
473 47.200001 0.725964 0.629128 974.306213 52.004871 200.187469
474 47.299999 0.725967 0.629129 974.306213 52.004871 200.187469
475 47.400002 0.725970 0.629130 974.306213 52.004871 200.187469
476 47.500000 0.725973 0.629131 974.306213 52.004871 200.187469
477 47.599998 0.725976 0.629132 974.306213 52.004871 200.187469
478 47.700001 0.725979 0.629133 974.306213 52.004871 200.187469
479 47.799999 0.725982 0.629134 974.306213 52.004871 200.187469
480 47.900002 0.725986 0.629135 974.306213 52.004871 200.187469
481 48.000000 0.725989 0.629137 974.306213 52.004871 200.187469
482 48.099998 0.725992 0.629138 974.306213 52.004871 200.187469
483 48.200001 0.725995 0.629139 974.306213 52.004871 200.187469
484 48.299999 0.725998 0.629140 974.306213 52.004871 200.187469
485 48.400002 0.726001 0.629141 974.306213 52.004871 200.187469
486 48.500000 0.726004 0.629142 974.306213 52.004871 200.187469
487 48.599998 0.726008 0.629143 974.306213 52.004871 200.187469
488 48.700001 0.726011 0.629144 974.306213 52.004871 200.187469
489 48.799999 0.726014 0.629145 974.306213 52.004871 200.187469
490 48.900002 0.726017 0.629146 974.306213 52.004871 200.187469
491 49.000000 0.726020 0.629147 974.306213 52.004871 200.187469
492 49.099998 0.726023 0.629148 974.306213 52.004871 200.187469
493 49.200001 0.726026 0.629150 974.306213 52.004871 200.187469
494 49.299999 0.726030 0.629151 974.306213 52.004871 200.187469
495 49.400002 0.726033 0.629152 974.306213 52.004871 200.187469
496 49.500000 0.726036 0.629153 974.306213 52.004871 200.187469
497 49.599998 0.726039 0.629154 974.306213 52.004871 200.187469
498 49.700001 0.726042 0.629155 974.306213 52.004871 200.187469
499 49.799999 0.726045 0.629156 974.306213 52.004871 200.187469
500 49.900002 0.726048 0.629157 974.306213 52.004871 200.187469
501 50.000000 0.726052 0.629158 974.306213 52.004871 200.187469
502 50.099998 0.726055 0.629159 974.306213 52.004871 200.187469
503 50.200001 0.726058 0.629161 974.306213 52.004871 200.187469
504 50.299999 0.726061 0.629162 974.306213 52.004871 200.187469
505 50.400002 0.726064 0.629163 974.306213 52.004871 200.187469
506 50.500000 0.726067 0.629164 974.306213 52.004871 200.187469
507 50.599998 0.726070 0.629165 974.306213 52.004871 200.187469
508 50.700001 0.726074 0.629166 974.306213 52.004871 200.187469
509 50.799999 0.726077 0.629167 974.306213 52.004871 200.187469
510 50.900002 0.726080 0.629168 974.306213 52.004871 200.187469
511 51.000000 0.726083 0.629169 974.306213 52.004871 200.187469
512 51.099998 0.726086 0.629170 974.306213 52.004871 200.187469
513 51.200001 0.726089 0.629171 974.306213 52.004871 200.187469
514 51.299999 0.726092 0.629173 974.306213 52.004871 200.187469
515 51.400002 0.726096 0.629174 974.306213 52.004871 200.187469
516 51.500000 0.726099 0.629175 974.306213 52.004871 200.187469
517 51.599998 0.726102 0.629176 974.306213 52.004871 200.187469
518 51.700001 0.726105 0.629177 974.306213 52.004871 200.187469
519 51.799999 0.726108 0.629178 974.306213 52.004871 200.187469
520 51.900002 0.726111 0.629179 974.306213 52.004871 200.187469
521 52.000000 0.726114 0.629180 974.306213 52.004871 200.187469
522 52.099998 0.726118 0.629181 974.306213 52.004871 200.187469
523 52.200001 0.726121 0.629182 974.306213 52.004871 200.187469
524 52.299999 0.726124 0.629183 974.306213 52.004871 200.187469
525 52.400002 0.726127 0.629185 974.306213 52.004871 200.187469
526 52.500000 0.726130 0.629186 974.306213 52.004871 200.187469
527 52.599998 0.726133 0.629187 974.306213 52.004871 200.187469
528 52.700001 0.726136 0.629188 974.306213 52.004871 200.187469
529 52.799999 0.726140 0.629189 974.306213 52.004871 200.187469
530 52.900002 0.726143 0.629190 974.306213 52.004871 200.187469
531 53.000000 0.726146 0.629191 974.306213 52.004871 200.187469
532 53.099998 0.726149 0.629192 974.306213 52.004871 200.187469
533 53.200001 0.726152 0.629193 974.306213 52.004871 200.187469
534 53.299999 0.726155 0.629194 974.306213 52.004871 200.187469
535 53.400002 0.726158 0.629195 974.306213 52.004871 200.187469
536 53.500000 0.726162 0.629197 974.306213 52.004871 200.187469
537 53.599998 0.726165 0.629198 974.306213 52.004871 200.187469
538 53.700001 0.726168 0.629199 974.306213 52.004871 200.187469
539 53.799999 0.726171 0.629200 974.306213 52.004871 200.187469
540 53.900002 0.726174 0.629201 974.306213 52.004871 200.187469
541 54.000000 0.726177 0.629202 974.306213 52.004871 200.187469
542 54.099998 0.726180 0.629203 974.306213 52.004871 200.187469
543 54.200001 0.726184 0.629204 974.306213 52.004871 200.187469
544 54.299999 0.726187 0.629205 974.306213 52.004871 200.187469
545 54.400002 0.726190 0.629206 974.306213 52.004871 200.187469
546 54.500000 0.726193 0.629207 974.306213 52.004871 200.187469
547 54.599998 0.726196 0.629209 974.306213 52.004871 200.187469
548 54.700001 0.726199 0.629210 974.306213 52.004871 200.187469
549 54.799999 0.726202 0.629211 974.306213 52.004871 200.187469
550 54.900002 0.726206 0.629212 974.306213 52.004871 200.187469
551 55.000000 0.726209 0.629213 974.306213 52.004871 200.187469
552 55.099998 0.726212 0.629214 974.306213 52.004871 200.187469
553 55.200001 0.726215 0.629215 974.306213 52.004871 200.187469
554 55.299999 0.726218 0.629216 974.306213 52.004871 200.187469
555 55.400002 0.726221 0.629217 974.306213 52.004871 200.187469
556 55.500000 0.726224 0.629218 974.306213 52.004871 200.187469
557 55.599998 0.726228 0.629219 974.306213 52.004871 200.187469
558 55.700001 0.726231 0.629221 974.306213 52.004871 200.187469
559 55.799999 0.726234 0.629222 974.306213 52.004871 200.187469
560 55.900002 0.726237 0.629223 974.306213 52.004871 200.187469
561 56.000000 0.726240 0.629224 974.306213 52.004871 200.187469
562 56.099998 0.726243 0.629225 974.306213 52.004871 200.187469
563 56.200001 0.726246 0.629226 974.306213 52.004871 200.187469
564 56.299999 0.726250 0.629227 974.306213 52.004871 200.187469
565 56.400002 0.726253 0.629228 974.306213 52.004871 200.187469
566 56.500000 0.726256 0.629229 974.306213 52.004871 200.187469
567 56.599998 0.726259 0.629230 974.306213 52.004871 200.187469
568 56.700001 0.726262 0.629231 974.306213 52.004871 200.187469
569 56.799999 0.726265 0.629233 974.306213 52.004871 200.187469
570 56.900002 0.726268 0.629234 974.306213 52.004871 200.187469
571 57.000000 0.726272 0.629235 974.306213 52.004871 200.187469
572 57.099998 0.726275 0.629236 974.306213 52.004871 200.187469
573 57.200001 0.726278 0.629237 974.306213 52.004871 200.187469
574 57.299999 0.726281 0.629238 974.306213 52.004871 200.187469
575 57.400002 0.726284 0.629239 974.306213 52.004871 200.187469
576 57.500000 0.726287 0.629240 974.306213 52.004871 200.187469
577 57.599998 0.726290 0.629241 974.306213 52.004871 200.187469
578 57.700001 0.726294 0.629242 974.306213 52.004871 200.187469
579 57.799999 0.726297 0.629243 974.306213 52.004871 200.187469
580 57.900002 0.726300 0.629245 974.306213 52.004871 200.187469
581 58.000000 0.726303 0.629246 974.306213 52.004871 200.187469
582 58.099998 0.726306 0.629247 974.306213 52.004871 200.187469
583 58.200001 0.726309 0.629248 974.306213 52.004871 200.187469
584 58.299999 0.726312 0.629249 974.306213 52.004871 200.187469
585 58.400002 0.726315 0.629250 974.306213 52.004871 200.187469
586 58.500000 0.726319 0.629251 974.306213 52.004871 200.187469
587 58.599998 0.726322 0.629252 974.306213 52.004871 200.187469
588 58.700001 0.726325 0.629253 974.306213 52.004871 200.187469
589 58.799999 0.726328 0.629254 974.306213 52.004871 200.187469
590 58.900002 0.726331 0.629255 974.306213 52.004871 200.187469
591 59.000000 0.726334 0.629257 974.306213 52.004871 200.187469
592 59.099998 0.726337 0.629258 974.306213 52.004871 200.187469
593 59.200001 0.726341 0.629259 974.306213 52.004871 200.187469
594 59.299999 0.726344 0.629260 974.306213 52.004871 200.187469
595 59.400002 0.726347 0.629261 974.306213 52.004871 200.187469
596 59.500000 0.726350 0.629262 974.306213 52.004871 200.187469
597 59.599998 0.726353 0.629263 974.306213 52.004871 200.187469
598 59.700001 0.726356 0.629264 974.306213 52.004871 200.187469
599 59.799999 0.726359 0.629265 974.306213 52.004871 200.187469
600 59.900002 0.726363 0.629266 974.306213 52.004871 200.187469
601 60.000000 0.726366 0.629268 974.306213 52.004871 200.187469
